Identity  : 	id10001
Reference : 	1zcIwhmdeo4
Offset    : 	-5
FV Conf   : 	15.224
ASD Conf  : 	7.857

FRAME 	X 	Y 	W 	H 
000368 	47 	48 	269 	268 
000369 	47 	48 	269 	268 
000370 	47 	18 	269 	268 
000371 	47 	18 	269 	268 
000372 	77 	48 	268 	268 
000373 	77 	48 	268 	268 
000374 	77 	18 	268 	268 
000375 	77 	18 	268 	268 
000376 	77 	18 	268 	268 
000377 	77 	18 	268 	268 
000378 	77 	18 	268 	268 
000379 	62 	18 	268 	268 
000380 	47 	18 	269 	268 
000381 	47 	18 	269 	268 
000382 	57 	18 	269 	268 
000383 	67 	18 	268 	268 
000384 	77 	18 	268 	268 
000385 	77 	18 	268 	268 
000386 	77 	18 	268 	268 
000387 	77 	18 	268 	268 
000388 	77 	18 	268 	268 
000389 	77 	48 	268 	268 
000390 	77 	48 	268 	268 
000391 	77 	48 	268 	268 
000392 	77 	48 	268 	268 
000393 	77 	48 	268 	268 
000394 	77 	48 	268 	268 
000395 	77 	48 	268 	268 
000396 	77 	48 	268 	268 
000397 	77 	48 	268 	268 
000398 	77 	48 	268 	268 
000399 	77 	48 	268 	268 
000400 	77 	48 	268 	268 
000401 	77 	48 	268 	268 
000402 	77 	48 	268 	268 
000403 	77 	48 	268 	268 
000404 	77 	48 	268 	268 
000405 	77 	48 	268 	268 
000406 	77 	48 	268 	268 
000407 	77 	48 	268 	268 
000408 	77 	48 	268 	268 
000409 	77 	48 	268 	268 
000410 	77 	48 	268 	268 
000411 	77 	48 	268 	268 
000412 	77 	48 	268 	268 
000413 	77 	48 	268 	268 
000414 	77 	48 	268 	268 
000415 	77 	48 	268 	268 
000416 	77 	48 	268 	268 
000417 	77 	48 	268 	268 
000418 	77 	48 	268 	268 
000419 	77 	48 	268 	268 
000420 	77 	48 	268 	268 
000421 	77 	48 	268 	268 
000422 	77 	48 	268 	268 
000423 	77 	48 	268 	268 
000424 	77 	48 	268 	268 
000425 	77 	48 	268 	268 
000426 	77 	48 	268 	268 
000427 	77 	48 	268 	268 
000428 	77 	18 	268 	268 
000429 	77 	18 	268 	268 
000430 	77 	18 	268 	268 
000431 	77 	18 	268 	268 
000432 	77 	18 	268 	268 
000433 	77 	48 	268 	268 
000434 	77 	18 	268 	268 
000435 	77 	48 	268 	268 
000436 	77 	18 	268 	268 
000437 	77 	48 	268 	268 
000438 	21 	22 	322 	322 
000439 	21 	22 	322 	322 
000440 	77 	48 	268 	268 
000441 	21 	22 	322 	322 
000442 	77 	48 	268 	268 
000443 	77 	18 	268 	268 
000444 	77 	48 	268 	268 
000445 	77 	18 	268 	268 
000446 	21 	22 	322 	322 
000447 	77 	48 	268 	268 
000448 	21 	22 	322 	322 
000449 	47 	48 	269 	268 
000450 	47 	48 	269 	268 
000451 	47 	48 	269 	268 
000452 	21 	22 	322 	322 
000453 	47 	48 	269 	268 
000454 	47 	48 	269 	268 
000455 	47 	48 	269 	268 
000456 	47 	48 	269 	268 
000457 	47 	48 	269 	268 
000458 	47 	48 	269 	268 
000459 	47 	48 	269 	268 
000460 	47 	48 	269 	268 
000461 	47 	48 	269 	268 
000462 	47 	48 	269 	268 
000463 	47 	48 	269 	268 
000464 	47 	48 	269 	268 
000465 	47 	48 	269 	268 
000466 	47 	48 	269 	268 
000467 	47 	48 	269 	268 
000468 	17 	48 	269 	268 
000469 	17 	48 	269 	268 
000470 	17 	48 	269 	268 
000471 	17 	48 	269 	268 
000472 	17 	48 	269 	268 
000473 	17 	48 	269 	268 
000474 	17 	48 	269 	268 
000475 	17 	48 	269 	268 
000476 	17 	48 	269 	268 
000477 	17 	48 	269 	268 
000478 	17 	48 	269 	268 
000479 	17 	48 	269 	268 
000480 	17 	48 	269 	268 
000481 	17 	48 	269 	268 
000482 	17 	48 	269 	268 
000483 	17 	48 	269 	268 
000484 	47 	18 	269 	268 
000485 	47 	18 	269 	268 
000486 	47 	18 	269 	268 
000487 	47 	18 	269 	268 
000488 	47 	18 	269 	268 
000489 	47 	18 	269 	268 
000490 	47 	18 	269 	268 
000491 	47 	18 	269 	268 
000492 	47 	18 	269 	268 
000493 	47 	48 	269 	268 
000494 	47 	48 	269 	268 
000495 	47 	48 	269 	268 
000496 	47 	48 	269 	268 
000497 	47 	48 	269 	268 
000498 	77 	48 	268 	268 
000499 	77 	48 	268 	268 
000500 	77 	48 	268 	268 
000501 	77 	48 	268 	268 
000502 	77 	48 	268 	268 
000503 	77 	48 	268 	268 
000504 	77 	48 	268 	268 
000505 	77 	48 	268 	268 
000506 	77 	48 	268 	268 
000507 	77 	48 	268 	268 
000508 	77 	48 	268 	268 
000509 	77 	48 	268 	268 
000510 	77 	48 	268 	268 
000511 	77 	48 	268 	268 
000512 	77 	48 	268 	268 
000513 	77 	48 	268 	268 
000514 	77 	48 	268 	268 
000515 	77 	48 	268 	268 
000516 	77 	48 	268 	268 
000517 	77 	48 	268 	268 
000518 	77 	48 	268 	268 
000519 	77 	48 	268 	268 
000520 	77 	48 	268 	268 
000521 	77 	48 	268 	268 
000522 	77 	48 	268 	268 
000523 	77 	48 	268 	268 
000524 	77 	48 	268 	268 
000525 	77 	48 	268 	268 
000526 	77 	48 	268 	268 
000527 	77 	48 	268 	268 
000528 	77 	48 	268 	268 
000529 	77 	48 	268 	268 
000530 	77 	48 	268 	268 
000531 	77 	48 	268 	268 
000532 	77 	48 	268 	268 
000533 	77 	48 	268 	268 
000534 	77 	48 	268 	268 
000535 	77 	48 	268 	268 
000536 	77 	48 	268 	268 
000537 	77 	48 	268 	268 
000538 	77 	48 	268 	268 
000539 	77 	48 	268 	268 
000540 	77 	48 	268 	268 
000541 	77 	48 	268 	268 
000542 	77 	48 	268 	268 
000543 	77 	48 	268 	268 
000544 	77 	48 	268 	268 
000545 	77 	18 	268 	268 
000546 	77 	18 	268 	268 
000547 	77 	18 	268 	268 
000548 	77 	18 	268 	268 
000549 	77 	48 	268 	268 
000550 	77 	48 	268 	268 
000551 	77 	48 	268 	268 
000552 	77 	48 	268 	268 
000553 	77 	48 	268 	268 
000554 	77 	48 	268 	268 
000555 	77 	48 	268 	268 
000556 	77 	48 	268 	268 
000557 	77 	48 	268 	268 
000558 	77 	48 	268 	268 
000559 	77 	48 	268 	268 
000560 	77 	48 	268 	268 
000561 	77 	48 	268 	268 
000562 	77 	48 	268 	268 
000563 	21 	22 	322 	322 
000564 	21 	22 	322 	322 
000565 	21 	22 	322 	322 
000566 	47 	48 	269 	268 
000567 	47 	48 	269 	268 
000568 	47 	48 	269 	268 
000569 	47 	48 	269 	268 
000570 	47 	48 	269 	268 
000571 	47 	48 	269 	268 
